9 10 10 10 10 10 10 10 10 10 10 10 10 10 10 10 10 10 10 10 10 10 10 10 10 10 10 10 10 10 10 10 10 10 10 10 10 10 10 10 10 10 10 10 10 10 10 10 10 9 
9 9 9 1 1 1 1 1 1 1 9 9 9 9 9 9 9 9 9 9 9 9 9 9 9 9 9 9 9 9 9 9 9 9 9 9 9 9 9 9 9 9 1 1 1 1 1 1 9 9 
9 8 8 2 2 2 2 2 2 2 8 8 8 8 8 8 8 8 8 8 8 8 8 8 8 8 8 8 8 8 8 8 8 8 8 8 8 8 8 8 8 8 2 2 2 2 2 2 8 9 
9 5 5 5 5 5 5 5 5 5 5 5 5 5 5 5 5 5 5 5 5 5 5 5 5 5 5 5 5 5 5 5 5 5 5 5 5 5 5 5 5 5 5 5 5 5 5 5 5 9 
9 5 5 5 5 5 5 5 5 5 5 5 5 5 5 5 5 5 5 5 5 5 5 5 5 5 5 5 5 5 5 5 5 5 5 5 5 5 5 5 5 5 5 5 5 5 5 5 5 9 
9 5 5 5 5 5 5 5 5 5 5 5 5 5 5 5 5 5 5 5 5 5 5 9 7 5 5 5 5 5 5 5 5 5 5 5 5 6 9 7 5 5 5 5 5 5 5 5 5 9 
9 5 5 5 5 5 5 5 5 5 5 5 5 5 5 5 5 5 5 5 5 5 5 9 7 5 5 5 5 5 5 5 5 5 5 5 5 6 9 7 5 5 5 5 5 5 5 5 5 9 
9 5 5 5 5 5 5 5 5 5 5 5 5 5 5 5 5 5 5 5 5 5 5 9 7 5 5 5 5 5 5 5 5 5 5 5 5 6 9 7 5 5 5 5 5 5 5 5 5 9 
9 5 5 5 5 5 5 5 5 5 5 5 5 5 5 5 5 5 5 5 5 5 5 9 7 5 5 5 5 5 5 5 5 5 5 5 5 6 9 7 5 5 5 5 5 5 5 5 5 9 
9 5 5 5 5 5 5 5 5 5 5 5 5 5 5 5 5 5 5 5 5 5 5 9 7 5 5 5 5 5 5 5 5 5 5 5 5 6 9 7 5 5 5 5 5 5 5 5 5 9 
9 5 5 5 5 5 5 5 5 5 5 5 5 5 5 5 5 5 5 5 5 5 5 9 7 5 5 5 5 5 5 5 5 5 5 5 5 6 9 7 5 5 5 5 5 5 5 5 5 9 
9 5 5 5 5 5 5 5 5 5 5 5 5 5 5 5 5 5 5 5 5 5 5 9 7 5 5 5 5 5 5 5 5 5 5 5 5 6 9 7 5 5 5 5 5 5 5 5 5 9 
9 5 5 5 5 5 5 5 5 5 5 5 5 5 5 5 5 5 5 5 5 5 5 9 7 5 5 5 5 5 5 5 5 5 5 5 5 6 9 9 9 5 5 9 9 9 9 9 9 9 
9 5 5 5 5 5 5 5 5 5 5 5 5 5 5 5 5 5 5 5 5 5 5 9 7 5 5 5 5 5 5 5 5 5 5 5 5 5 3 3 3 5 5 3 3 3 3 3 3 3 
9 5 5 5 5 5 5 5 5 5 5 5 5 5 5 5 5 5 5 5 5 5 5 9 7 5 5 5 5 5 5 5 5 5 5 5 5 5 5 5 5 5 5 5 5 5 5 5 5 5 
9 5 5 5 5 5 5 5 5 5 5 5 5 5 5 5 5 5 5 5 5 5 5 9 7 5 5 5 5 5 5 5 5 5 5 5 5 5 5 5 5 5 5 5 5 5 5 5 5 5 
9 5 5 5 5 5 5 5 5 5 5 5 5 5 5 5 5 5 5 5 5 5 5 9 7 5 5 5 5 5 5 5 5 5 5 5 5 5 4 4 4 4 4 4 4 4 4 4 4 4 
9 10 10 10 10 10 10 10 10 10 10 10 10 10 10 10 10 10 10 10 10 10 10 9 7 5 5 5 5 5 5 5 5 5 5 5 5 6 9 10 10 10 10 10 10 10 10 10 10 9 
9 9 9 1 1 1 1 1 9 9 9 9 9 9 9 9 9 9 9 9 9 9 9 9 7 5 5 5 5 5 5 5 5 5 5 5 5 6 9 9 9 1 1 1 1 9 9 9 9 9 
8 8 8 2 2 2 2 2 8 8 8 8 8 8 8 8 8 8 8 8 8 8 8 8 7 5 5 5 5 5 5 5 5 5 5 5 5 6 8 8 8 2 2 2 2 8 8 8 8 9 
3 3 3 3 3 3 3 3 3 3 3 3 3 3 3 3 3 3 3 3 3 3 3 3 5 5 5 5 5 5 5 5 5 5 5 5 5 5 3 3 3 3 3 3 3 3 3 3 3 3 
5 5 5 5 5 5 5 5 5 5 5 5 5 5 5 5 5 5 5 5 5 5 5 5 5 5 5 5 5 5 5 5 5 5 5 5 5 5 5 5 5 5 5 5 5 5 5 5 5 5 
5 5 5 5 5 5 5 5 5 5 5 5 5 5 5 5 5 5 5 5 5 5 5 5 5 5 5 5 5 5 5 5 5 5 5 5 5 5 5 5 5 5 5 5 5 5 5 5 5 5 
5 5 5 5 5 5 5 5 5 5 5 5 5 5 5 5 5 5 5 5 5 5 5 5 5 4 4 4 4 4 4 4 4 4 4 4 4 4 4 4 4 4 4 4 4 5 4 4 4 4 
5 5 5 5 5 5 5 5 5 5 5 5 5 5 5 5 5 5 5 5 5 5 5 5 6 10 10 10 10 10 10 10 10 10 10 10 10 10 10 10 10 10 10 10 10 10 10 10 10 9 
5 5 5 5 5 5 5 5 5 5 5 5 5 5 5 5 5 5 5 5 5 5 5 5 6 9 9 9 9 9 9 1 1 1 1 1 1 1 1 9 9 9 9 9 9 9 9 9 9 9 
5 5 5 5 5 5 5 5 5 5 5 5 5 5 5 5 5 5 5 5 5 5 5 5 6 9 8 8 8 8 8 2 2 2 2 2 2 2 2 8 8 8 8 8 8 8 8 8 8 9 
4 4 4 4 4 4 4 4 4 4 4 4 5 5 5 5 5 5 5 5 5 5 5 5 6 9 5 5 5 5 5 5 5 5 5 5 5 5 5 5 5 5 5 5 5 5 5 5 5 9 
10 10 10 10 10 10 10 10 10 10 10 10 7 5 5 5 5 5 5 5 5 5 5 5 6 9 5 5 5 5 5 5 5 5 5 5 5 5 5 5 5 5 5 5 5 5 5 5 5 9 
9 9 1 1 1 9 9 9 9 9 9 9 7 5 5 5 5 5 5 5 5 5 5 5 6 9 5 5 5 5 5 5 5 5 5 5 5 5 5 5 5 5 5 5 5 5 5 5 5 9 
9 8 2 2 2 8 8 8 8 8 8 9 7 5 5 5 5 5 5 5 5 5 5 5 6 9 5 5 5 5 5 5 5 5 5 5 5 5 5 5 5 5 5 5 5 5 5 5 5 9 
9 5 5 5 5 5 5 5 5 5 5 9 7 5 5 5 5 5 5 5 5 5 5 5 6 10 5 5 5 5 5 5 5 5 5 5 5 5 5 5 5 5 5 5 5 5 5 5 5 9 
9 5 5 5 5 5 5 5 5 5 5 9 7 5 5 5 5 5 5 5 5 5 5 5 6 9 5 5 5 5 5 5 5 5 5 5 5 5 5 5 5 5 5 5 5 5 5 5 5 9 
9 5 5 5 5 5 5 5 5 5 5 10 7 5 5 5 5 5 5 5 5 5 5 5 6 8 5 5 5 5 5 5 5 5 5 5 5 5 5 5 5 5 5 5 5 5 5 5 5 9 
9 5 5 5 5 5 5 5 5 5 5 9 7 5 5 5 5 5 5 5 5 5 5 5 5 5 5 5 5 5 5 5 5 5 5 5 5 5 5 5 5 5 5 5 5 5 5 5 5 9 
9 5 5 5 5 5 5 5 5 5 5 8 7 5 5 5 5 5 5 5 5 5 5 5 5 5 5 5 5 5 5 5 5 5 5 5 5 5 5 5 5 5 5 5 5 5 5 5 5 9 
9 5 5 5 5 5 5 5 5 5 5 5 5 5 5 5 5 5 5 5 5 5 5 5 6 9 5 5 5 5 5 5 5 5 5 5 5 5 5 5 5 9 9 9 9 9 9 9 9 9 
9 5 5 5 5 5 5 5 5 5 5 5 5 5 5 5 5 5 5 5 5 5 5 5 6 9 5 5 5 5 5 5 5 5 5 5 5 5 5 5 5 9 5 5 5 5 5 5 5 9 
9 5 5 5 5 5 5 5 5 5 5 9 7 5 5 5 5 5 5 5 5 5 5 5 6 9 5 5 5 5 5 5 5 5 5 5 5 5 5 5 5 5 5 5 5 5 5 5 5 9 
9 5 5 5 5 5 5 5 5 5 5 9 7 5 5 5 5 5 5 5 5 5 5 5 6 9 5 5 5 5 5 5 5 5 5 5 5 5 5 5 5 5 5 5 5 5 5 5 5 9 
9 5 5 5 5 5 5 5 5 5 5 9 7 5 5 5 5 5 5 5 5 5 5 5 6 9 5 5 5 5 5 5 5 5 5 5 5 5 5 5 5 9 5 5 5 5 5 5 5 9 
9 5 5 5 5 5 5 5 5 5 5 9 7 5 5 5 5 5 5 5 5 5 5 5 6 9 5 5 5 5 5 5 5 5 5 5 5 5 5 5 5 9 5 5 5 5 5 5 5 9 
9 5 5 5 5 5 5 5 5 5 5 9 7 5 5 5 5 5 5 5 5 5 5 5 6 9 5 5 5 5 5 5 5 5 5 5 5 5 5 5 5 9 5 5 5 5 5 5 5 9 
9 5 5 5 5 5 5 5 5 5 5 9 7 5 5 5 5 5 5 5 5 5 5 5 6 9 5 5 5 5 5 5 5 5 5 5 5 5 5 5 5 9 5 5 5 5 5 5 5 9 
9 5 5 5 5 5 5 5 5 5 5 9 7 5 5 5 5 5 5 5 5 5 5 5 6 9 5 5 5 5 5 5 5 5 5 5 5 5 5 5 5 9 5 5 5 5 5 5 5 9 
9 5 5 5 5 5 5 5 5 5 5 9 7 5 5 5 5 5 5 5 5 5 5 5 6 9 5 5 5 5 5 5 5 5 5 5 5 5 5 5 5 9 5 5 5 5 5 5 5 9 
9 5 5 5 5 5 5 5 5 5 5 9 7 5 5 5 5 5 5 5 5 5 5 5 6 9 5 5 5 5 5 5 5 5 5 5 5 5 5 5 5 9 5 5 5 5 5 5 5 9 
9 10 10 10 10 10 10 10 10 10 9 9 9 10 10 10 10 10 10 10 10 10 10 10 10 9 10 10 10 10 10 10 10 10 10 10 10 10 10 10 10 9 10 10 10 10 10 10 10 9 
9 9 9 9 9 9 9 9 9 9 9 9 9 9 9 9 9 9 9 9 9 9 9 9 9 9 9 9 9 9 9 9 9 9 9 9 9 9 9 9 9 9 9 9 9 9 9 9 9 9 
8 8 8 8 8 8 8 8 8 8 8 8 8 8 8 8 8 8 8 8 8 8 8 8 8 8 8 8 8 8 8 8 8 8 8 8 8 8 8 8 8 8 8 8 8 8 8 8 8 9 
